<?xml version="1.0"?>
<opencv_storage>
<xml_kind>ルックアップテーブル</xml_kind>
<name>N値化2</name>
<description>階段上のトーンカーブによる変換で、出力画素値を数段階に制限する。ポスタリゼーション</description>
<lut type_id="opencv-matrix">
  <rows>256</rows>
  <cols>1</cols>
  <dt>u</dt>
  <data>
    0 0 0 0 0 0 0 0 0 0 0 0 0 0 0 0 0 0 0 0 0 0 0 0 0 0 0 0 0 0 0 0 0 0
    0 0 0 0 0 0 40 40 40 40 40 40 40 40 40 40 40 40 40 40 40 40 40 40 40
    40 40 40 40 40 40 40 40 40 40 40 40 40 40 40 40 40 40 40 40 40 80 80
    80 80 80 80 80 80 80 80 80 80 80 80 80 80 80 80 80 80 80 80 80 80 80
    80 80 80 80 80 80 80 80 80 80 80 80 80 80 80 120 120 120 120 120 120
    120 120 120 120 120 120 120 120 120 120 120 120 120 120 120 120 120
    120 120 120 120 120 120 120 120 120 120 120 120 120 120 120 120 120
    160 160 160 160 160 160 160 160 160 160 160 160 160 160 160 160 160
    160 160 160 160 160 160 160 160 160 160 160 160 160 160 160 160 160
    160 160 160 160 160 160 200 200 200 200 200 200 200 200 200 200 200
    200 200 200 200 200 200 200 200 200 200 200 200 200 200 200 200 200
    200 200 200 200 200 200 200 200 200 200 200 200 240 240 240 240 240
    240 240 240 240 240 240 240 240 240 240 240</data></lut>
</opencv_storage>
