<?xml version="1.0"?>
<opencv_storage>
<xml_kind>ルックアップテーブル</xml_kind>
<name>N値化3</name>
<description>階段上のトーンカーブによる変換で、出力画素値を数段階に制限する。ポスタリゼーション</description>
<lut type_id="opencv-matrix">
  <rows>256</rows>
  <cols>1</cols>
  <dt>u</dt>
  <data>
    0 0 0 0 0 0 0 0 0 0 0 0 0 0 0 0 0 0 0 0 0 0 0 0 0 0 0 0 0 0 0 0 0 0
    0 0 0 0 0 0 0 0 0 0 0 0 0 0 0 0 0 0 0 0 0 0 0 0 0 0 60 60 60 60 60
    60 60 60 60 60 60 60 60 60 60 60 60 60 60 60 60 60 60 60 60 60 60 60
    60 60 60 60 60 60 60 60 60 60 60 60 60 60 60 60 60 60 60 60 60 60 60
    60 60 60 60 60 60 60 60 60 120 120 120 120 120 120 120 120 120 120
    120 120 120 120 120 120 120 120 120 120 120 120 120 120 120 120 120
    120 120 120 120 120 120 120 120 120 120 120 120 120 120 120 120 120
    120 120 120 120 120 120 120 120 120 120 120 120 120 120 120 120 180
    180 180 180 180 180 180 180 180 180 180 180 180 180 180 180 180 180
    180 180 180 180 180 180 180 180 180 180 180 180 180 180 180 180 180
    180 180 180 180 180 180 180 180 180 180 180 180 180 180 180 180 180
    180 180 180 180 180 180 180 180 240 240 240 240 240 240 240 240 240
    240 240 240 240 240 240 240</data></lut>
</opencv_storage>
