<?xml version="1.0"?>
<opencv_storage>
<xml_kind>ルックアップテーブル</xml_kind>
<name>N値化1</name>
<description>階段上のトーンカーブによる変換で、出力画素値を数段階に制限する。ポスタリゼーション</description>
<lut type_id="opencv-matrix">
  <rows>256</rows>
  <cols>1</cols>
  <dt>u</dt>
  <data>
    0 0 0 0 0 0 0 0 0 0 0 0 0 0 0 0 0 0 0 0 20 20 20 20 20 20 20 20 20
    20 20 20 20 20 20 20 20 20 20 20 40 40 40 40 40 40 40 40 40 40 40 40
    40 40 40 40 40 40 40 40 60 60 60 60 60 60 60 60 60 60 60 60 60 60 60
    60 60 60 60 60 80 80 80 80 80 80 80 80 80 80 80 80 80 80 80 80 80 80
    80 80 100 100 100 100 100 100 100 100 100 100 100 100 100 100 100
    100 100 100 100 100 120 120 120 120 120 120 120 120 120 120 120 120
    120 120 120 120 120 120 120 120 140 140 140 140 140 140 140 140 140
    140 140 140 140 140 140 140 140 140 140 140 160 160 160 160 160 160
    160 160 160 160 160 160 160 160 160 160 160 160 160 160 180 180 180
    180 180 180 180 180 180 180 180 180 180 180 180 180 180 180 180 180
    200 200 200 200 200 200 200 200 200 200 200 200 200 200 200 200 200
    200 200 200 220 220 220 220 220 220 220 220 220 220 220 220 220 220
    220 220 220 220 220 220 240 240 240 240 240 240 240 240 240 240 240
    240 240 240 240 240</data></lut>
</opencv_storage>
