<?xml version="1.0"?>
<opencv_storage>
<xml_kind>ルックアップテーブル</xml_kind>
<name>コントラスト下降2</name>
<description>コントラストを下げる。輝度のみとＲＧＢに作用させた場合で結果が違う</description>
<lut type_id="opencv-matrix">
  <rows>256</rows>
  <cols>1</cols>
  <dt>u</dt>
  <data>
    30 30 31 32 33 33 34 35 36 36 37 38 39 39 40 41 42 42 43 44 45 45 46
    47 48 49 49 50 51 52 52 53 54 55 55 56 57 58 58 59 60 61 61 62 63 64
    64 65 66 67 68 68 69 70 71 71 72 73 74 74 75 76 77 77 78 79 80 80 81
    82 83 83 84 85 86 87 87 88 89 90 90 91 92 93 93 94 95 96 96 97 98 99
    99 100 101 102 102 103 104 105 106 106 107 108 109 109 110 111 112
    112 113 114 115 115 116 117 118 118 119 120 121 121 122 123 124 125
    125 126 127 128 128 129 130 131 131 132 133 134 134 135 136 137 137
    138 139 140 140 141 142 143 144 144 145 146 147 147 148 149 150 150
    151 152 153 153 154 155 156 156 157 158 159 159 160 161 162 163 163
    164 165 166 166 167 168 169 169 170 171 172 172 173 174 175 175 176
    177 178 178 179 180 181 182 182 183 184 185 185 186 187 188 188 189
    190 191 191 192 193 194 194 195 196 197 197 198 199 200 201 201 202
    203 204 204 205 206 207 207 208 209 210 210 211 212 213 213 214 215
    216 216 217 218 219 220 220 221 222 223 223</data></lut>
</opencv_storage>
