<?xml version="1.0"?>
<opencv_storage>
<xml_kind>ルックアップテーブル</xml_kind>
<name>コントラスト上昇2</name>
<description>コントラストを上げる。輝度のみとＲＧＢに作用させた場合で結果が違う</description>
<lut type_id="opencv-matrix">
  <rows>256</rows>
  <cols>1</cols>
  <dt>u</dt>
  <data>
    0 0 0 0 0 0 0 0 0 0 0 0 0 0 0 0 0 0 0 0 0 0 0 0 0 0 0 0 0 0 0 0 0 0
    0 0 0 0 0 0 0 0 0 0 0 0 0 0 0 0 0 0 0 0 0 0 0 0 0 0 0 1 3 5 7 9 11
    13 15 17 18 20 22 24 26 28 30 32 34 35 37 39 41 43 45 47 49 51 52 54
    56 58 60 62 64 66 68 69 71 73 75 77 79 81 83 85 86 88 90 92 94 96 98
    100 102 103 105 107 109 111 113 115 117 119 120 122 124 126 128 130
    132 134 136 137 139 141 143 145 147 149 151 153 154 156 158 160 162
    164 166 168 170 171 173 175 177 179 181 183 185 187 189 190 192 194
    196 198 200 202 204 206 207 209 211 213 215 217 219 221 223 224 226
    228 230 232 234 236 238 240 241 243 245 247 249 251 253 255 255 255
    255 255 255 255 255 255 255 255 255 255 255 255 255 255 255 255 255
    255 255 255 255 255 255 255 255 255 255 255 255 255 255 255 255 255
    255 255 255 255 255 255 255 255 255 255 255 255 255 255 255 255 255
    255 255 255 255 255 255 255</data></lut>
</opencv_storage>
