<?xml version="1.0"?>
<opencv_storage>
<xml_kind>ルックアップテーブル</xml_kind>
<name>金属光沢1</name>
<description>ルックアップテーブルで金属のような質感を持たせる</description>
<lut type_id="opencv-matrix">
  <rows>256</rows>
  <cols>1</cols>
  <dt>u</dt>
  <data>
    70 73 76 79 82 84 87 90 93 96 99 102 105 108 110 113 116 119 122 125
    128 131 134 136 139 142 145 148 151 154 157 160 162 165 168 171 174
    177 180 183 186 188 191 194 197 200 203 206 209 212 215 217 220 223
    226 229 232 235 238 241 243 246 249 252 255 252 249 246 243 241 238
    235 232 229 226 223 220 217 215 212 209 206 203 200 197 194 191 189
    186 183 180 177 174 171 168 165 163 160 157 154 151 148 145 142 139
    137 134 131 128 125 122 119 116 113 111 108 105 102 99 96 93 90 87
    85 82 79 76 73 70 70 73 76 79 82 84 87 90 93 96 99 102 105 108 110
    113 116 119 122 125 128 131 134 136 139 142 145 148 151 154 157 160
    162 165 168 171 174 177 180 183 186 188 191 194 197 200 203 206 209
    212 215 217 220 223 226 229 232 235 238 241 243 246 249 252 255 252
    249 246 243 241 238 235 232 229 226 223 220 217 215 212 209 206 203
    200 197 194 191 189 186 183 180 177 174 171 168 165 163 160 157 154
    151 148 145 142 139 137 134 131 128 125 122 119 116 113 111 108 105
    102 99 96 93 90 87 85 82 79 76</data></lut>
</opencv_storage>
